1516793877,
1959990366103,
2578497130519,
4604681572245,
4983647399863,
5121117810711,
5396029239349,
7182737788821,
7319069372437,
7663738384439,
8247820472213,
8865188409397,
9208852959287,
9689922826165,
9724282589079,
11443244625973,
11786909175863,
12266903162807,
12267979042741,
12302338805655,
13331987943445,
14809523842999,
14809525940245,
15737138212789,
15771497975703,
15771596533813,
15910044160021,
17386506276887,
17387580059575,
18314118549431,
18349652750389,
18451588960279,
18452664840213,
18932658827157,
19414735433781,
19929126957079,
20856739229623,
20891197550647,
21200368103319,
21510715043733,
22471747530807,
22472785637301,
23055829618581,
23778424319895,
25014332534805,
26285609357239,
26938412937271,
26939585171349,
27592388751381,
28141070872501,
28175430635415,
28657471434773,
28863665573815,
29482172338231,
30718051209143,
32059186188183,
32986800557973,
33604300763031,
34222744580149,
35528345358231,
37280794783669,
37383806873493,
38106401574807,
38345877467061,
38724908339223,
39342345596983,
39651516149655,
40923933683637,
41267529019415,
41542440448053,
42812677001109,
43465480581141,
43810149593143,
44394231680917,
45355264167991,
45836334034869,
45870693797783,
46009239982101,
47933320384567,
48413314371511,
48414390251445,
48551860662293,
49478399152149,
49479472934837,
49513832697751,
50955935051703,
51128840998935,
52021019832341,
52056453271479,
52056455368725,
53533991268279,
53671461679127,
53877620141975,
54598000168983,
54599076048917,
55079070035861,
55561146642485,
56075538165783,
56214082252855,
57140620849175,
57415532277813,
57657126252437,
58618158739511,
58619196846005,
58962861395895,
59202240827285,
59683241422903,
59718677065751,
60680747659319,
61882331811861,
62432020565943,
63085996380053,
64287482081205,
64321841844119,
65010076782519,
66864462417847,
67483002695573,
68205597396887,
69407083098039,
69750711971735,
70369155788853,
71023129505717,
73530218082197,
73564676403221,
74492288675765,
74835953225655,
75488756805687,
77070344892341,
77414009442231,
77688851656757,
78032516206647,
78376082067383,
78959088209813,
79611891789845,
81501675376695,
81537144426389,
82155651190805,
84078689226647,
84079731593271,
84698271870997,
87275252207639,
87378299973685,
89301436649365,
89817872887831,
92360493461559,
92944575549333,
93561943486517,
93905608036407,
94386677903285,
94421037666199,
95109272604599,
95348652035989,
96963658239927,
97445770391445,
98028743020565,
99506278920119,
99506281017365,
100433893289909,
100468253052823,
100468351610933,
100571363700757,
103010873626551,
103148344037399,
103149419917333,
103527444099093,
103629413904277,
104111490510901,
104352008605591,
105553494306743,
105587952627767,
105897123180439,
106515566997557,
107169540714421,
107752584695701,
109711087611925,
110982364434359,
111635168014391,
111636340248469,
112837825949621,
113354226511893,
113560420650935,
114041456922519,
114178927415351,
115105499418517,
117683555635093,
118301055840151,
118919499657269,
120225100435351,
120844683079701,
122080561950613,
123042632544181,
123524711182389,
123868375732279,
124348271226775,
124383805362071,
125964284096535,
126926425935799,
127509432078229,
127991510716437,
128506904670263,
129090986758037,
129467972833303,
129469046615991,
130052019245111,
130431119306805,
130533089111989,
130567448874903,
132010593513495,
133110069448631,
133111111733271,
133248615739413,
133592181600149,
134175154229269,
134176228011957,
134210587774871,
134553214087223,
135550720323639,
135652690128823,
136717774909461,
136753208348599,
138574375219095,
139294755246103,
139673855307797,
139775825112981,
140256897191831,
140257901719605,
141734363836471,
141837375926295,
142112287354933,
142799517765559,
143315951923125,
143659616473015,
143898995904405,
144379996500023,
145377502736439,
146579086888981,
147128775643063,
147782751457173,
148263823536023,
148984237158325,
149362261340085,
150187868131223,
151423812153399,
152179757772693,
153005400240053,
153623907004469,
154447467048855,
155065910865973,
155546947137557,
157472199774101,
159189043752885,
159532708302775,
160014786940983,
160530216570775,
163072837144503,
163210307555351,
163655843286933,
164137921925141,
165615457824695,
165752928235543,
166198430453815,
168295548809271,
168431916150837,
168775444303767,
169257522941975,
169395026948117,
169738592808853,
170699625295927,
171697131532343,
171799101337527,
171800143622167,
172075055050805,
173998191726485,
174342764195895,
176403308400535,
176541854584853,
177641330626453,
178258698563637,
178602363113527,
178945928974263,
179083432980405,
179806027681719,
180045407113109,
180287063953303,
181488549654455,
182142525468565,
182725498097685,
183104596062133,
183687640043413,
184410234744727,
185130648367029,
185165106688053,
185268118777877,
187570223362103,
188224199176213,
188326168981397,
188808245588021,
189151811448757,
189495475998647,
190113982763063,
190593878257559,
191693358346261,
193618610982805,
194237117747221,
194854555004981,
195095073099671,
195679119511479,
196161198149687,
198738211999639,
199356718764055,
199802254495637,
201899339444247,
202174250872885,
203960959422357,
204097291005973,
204441960017975,
204921855512471,
205541438156821,
208221466259509,
208565130809399,
209045124796343,
209046200676277,
209080560439191,
211587747573781,
211623181012919,
212549719609239,
212688265793557,
213787741835157,
214164727910423,
214165801693111,
214748774322231,
215092340182967,
215127874383925,
215229810593815,
215229844189109,
215230886473749,
216707348590615,
217634960863159,
217669419184183,
217807866810391,
218288936677269,
218871909306389,
218872983089077,
219249969164343,
219251007270837,
219834051252117,
220247475400759,
220556645953431,
221414529986581,
223716634570807,
223717806804885,
224370610384917,
224919292506037,
224953652268951,
225435693068309,
225641887207351,
227496272842679,
228837407821719,
229765022191509,
231000966213685,
231825530720183,
232960578613143,
234059016417205,
234162028507029,
234884623208343,
236120567230519,
236429737783191,
237702155317173,
238045750652951,
238320662081589,
240243702214677,
240588371226679,
242168954851221,
242787461615637,
244711542018103,
245191536005047,
245192611884981,
245226971647895,
245330082295829,
246292054331287,
247769592221623,
247907062632471,
248352598364053,
248834674905015,
248834677002261,
250312212901815,
250449683312663,
250655841775511,
251376221802519,
251377297682453,
252853759799319,
252992303886391,
253128671227957,
253954278019095,
254193753911349,
254435347885973,
255396380373047,
255397418479541,
255741083029431,
255980462460821,
256393886609463,
256461463056439,
256496898699287,
256771810127925,
257458969292855,
258660553445397,
259039519273015,
259864218013589,
261065703714741,
261100063477655,
261238609661973,
261788298416055,
263642684051383,
264261224329109,
264983819030423,
266185304731575,
266528933605271,
266839280545685,
267147377422389,
267801351139253,
268384395120533,
269106989821847,
270308439715733,
270342898036757,
272266978439223,
272920954253333,
273848566525877,
274192231075767,
274467073290293,
274810737840183,
276390113423381,
278315366059925,
278933872824341,
279551310082101,
279791828176791,
280856910860183,
280857953226807
